Code	Lat	Lon	Elev(m)
AGO	46.05	3.13	523
ATE	43.0858	-0.7003	480
ARBF	43.49	5.33	
ARTF	43.588	5.807	0
ANTF	43.56	7.12
AUTN	44	7.43	2065
BLAF	43.956	6.046	0
BSTF	43.867	5.644	0
CALF	43.75	6.92
CARF	42.7160	2.1055	1220
CFF	45.76	3.11	400
CHIF	46.13	-0.41
CLF	48.03	2.26
COLF	45.5	3.69	740
DOU	50.10	4.59
ECH	48.216	7.158	580
ESCA	43.83	7.37
FDAF	42.8189	-0.5672	1230
FILF	42.5604	2.4182	850
FRNF	45.39	2.56	530
GDM	45.204	6.116	1574
GRBF	42.8416	1.5365	878
GRN	45.243	5.745	1040
ISO	44.18	7.05
LABF	43.0475	0.0738	750
LANF	48.981	7.801	500
LARF	43.0380	-0.9875	670
LBL	45.23	3.25	950
LCHF	46.67	-0.75	166
LEPF	43.52	5.7	345
LOMF	47.35100	6.82700	1000
LOR	47.27	3.86
LPEF	42.9485	1.9077	440
LRDF	42.9387	2.5339	620
LUCF	43.89	7.35	1087
MATF	45.83	-0.29	30
MELF	42.8727	0.7592	940
MENF	50.55675	2.15385	69
MFF	46.60	-0.15
MLS	42.9578	1.0947	450
MLYF	43.988	5.761	0
MOF	47.85143	7.13389	1104
MON	43.73	7.42
MTLF	43.34	2.22
MVIF	43.9	7.15	1480
OG01	46.331	6.683	1040
OG22	44.823	6.945	1810
OG25	44.370	6.074	1060
OG26	44.578	5.302	840
OG35	46.044	5.571	900
OGAG	44.79	6.54
OGDI	44.11	6.22
ORDF	43.2135	-0.9357	270
ORIF	44.92	5.88
OSPF	41.663	9.191	950
OSSF	43.2560	-1.2618	240
PGF	42.55	9.00
PLDF	45.97	3.62	940
PYLO	43.10	-0.05	
PYM	45.75	3.01	970
RENF	48.12	-1.64
RESF	42.8078	0.3385	1270
REVF	43.74	7.37	700
REYF	43.0698	-0.3925	480
ROSF	48.34	-3.27
RSL	45.688	6.626	1583
RUSF	43.94	5.49
SALF	42.7601	1.1894	900
SAOF	43.99	7.55
SJAF	42.4845	2.8822	450
SMPL	42.09	9.29
SSB	45.28	4.54	700
STR	48.5799	7.7633	135
SUBF	48.91564	7.84808	203
SURF	44.481	6.813	1820
THEF	48.22880	5.99382	467
TOUF	44.01	7.25	1830
VALF	42.4019	2.0173	1580
VERF	45.75	2.48	776
VIEF	42.8837	0.0237	1000
WLS	48.41300	7.35300	775
